(kicad_pcb (version 20171130) (host pcbnew "(5.1.5)-3")

  (general
    (thickness 1.6)
    (drawings 41)
    (tracks 0)
    (zones 0)
    (modules 7)
    (nets 11)
  )

  (page A)
  (title_block
    (date 2021-08-02)
  )

  (layers
    (0 F.Cu signal)
    (31 B.Cu signal)
    (32 B.Adhes user)
    (33 F.Adhes user)
    (34 B.Paste user)
    (35 F.Paste user)
    (36 B.SilkS user)
    (37 F.SilkS user)
    (38 B.Mask user)
    (39 F.Mask user)
    (40 Dwgs.User user)
    (41 Cmts.User user)
    (42 Eco1.User user)
    (43 Eco2.User user)
    (44 Edge.Cuts user)
    (45 Margin user)
    (46 B.CrtYd user)
    (47 F.CrtYd user)
    (48 B.Fab user)
    (49 F.Fab user)
  )

  (setup
    (last_trace_width 0.25)
    (trace_clearance 0.2)
    (zone_clearance 0.508)
    (zone_45_only no)
    (trace_min 0.2)
    (via_size 0.8)
    (via_drill 0.4)
    (via_min_size 0.4)
    (via_min_drill 0.3)
    (uvia_size 0.3)
    (uvia_drill 0.1)
    (uvias_allowed no)
    (uvia_min_size 0.2)
    (uvia_min_drill 0.1)
    (edge_width 0.05)
    (segment_width 0.2)
    (pcb_text_width 0.3)
    (pcb_text_size 1.5 1.5)
    (mod_edge_width 0.12)
    (mod_text_size 1 1)
    (mod_text_width 0.15)
    (pad_size 1.524 1.524)
    (pad_drill 0.762)
    (pad_to_mask_clearance 0.051)
    (solder_mask_min_width 0.25)
    (aux_axis_origin 0 0)
    (visible_elements FFFFFF7F)
    (pcbplotparams
      (layerselection 0x010fc_ffffffff)
      (usegerberextensions false)
      (usegerberattributes false)
      (usegerberadvancedattributes false)
      (creategerberjobfile false)
      (excludeedgelayer true)
      (linewidth 0.100000)
      (plotframeref false)
      (viasonmask false)
      (mode 1)
      (useauxorigin false)
      (hpglpennumber 1)
      (hpglpenspeed 20)
      (hpglpendiameter 15.000000)
      (psnegative false)
      (psa4output false)
      (plotreference true)
      (plotvalue true)
      (plotinvisibletext false)
      (padsonsilk false)
      (subtractmaskfromsilk false)
      (outputformat 1)
      (mirror false)
      (drillshape 1)
      (scaleselection 1)
      (outputdirectory ""))
  )

  (net 0 "")
  (net 1 "Net-(D1-Pad1)")
  (net 2 "Net-(D1-Pad2)")
  (net 3 "Net-(D2-Pad2)")
  (net 4 "Net-(D2-Pad1)")
  (net 5 "Net-(D3-Pad1)")
  (net 6 "Net-(D3-Pad2)")
  (net 7 "Net-(D4-Pad2)")
  (net 8 "Net-(D4-Pad1)")
  (net 9 "Net-(D5-Pad1)")
  (net 10 "Net-(D5-Pad2)")

  (net_class Default "This is the default net class."
    (clearance 0.2)
    (trace_width 0.25)
    (via_dia 0.8)
    (via_drill 0.4)
    (uvia_dia 0.3)
    (uvia_drill 0.1)
    (add_net "Net-(D1-Pad1)")
    (add_net "Net-(D1-Pad2)")
    (add_net "Net-(D2-Pad1)")
    (add_net "Net-(D2-Pad2)")
    (add_net "Net-(D3-Pad1)")
    (add_net "Net-(D3-Pad2)")
    (add_net "Net-(D4-Pad1)")
    (add_net "Net-(D4-Pad2)")
    (add_net "Net-(D5-Pad1)")
    (add_net "Net-(D5-Pad2)")
  )

  (module LED_THT:LED_D5.0mm (layer F.Cu) (tedit 5995936A) (tstamp 610888C6)
    (at 38.1 58.42 180)
    (descr "LED, diameter 5.0mm, 2 pins, http://cdn-reichelt.de/documents/datenblatt/A500/LL-504BC2E-009.pdf")
    (tags "LED diameter 5.0mm 2 pins")
    (path /6108C83D)
    (fp_text reference D1 (at 1.27 -3.96) (layer F.SilkS)
      (effects (font (size 1 1) (thickness 0.15)))
    )
    (fp_text value LED_ALT (at 1.27 3.96) (layer F.Fab)
      (effects (font (size 1 1) (thickness 0.15)))
    )
    (fp_arc (start 1.27 0) (end -1.23 -1.469694) (angle 299.1) (layer F.Fab) (width 0.1))
    (fp_arc (start 1.27 0) (end -1.29 -1.54483) (angle 148.9) (layer F.SilkS) (width 0.12))
    (fp_arc (start 1.27 0) (end -1.29 1.54483) (angle -148.9) (layer F.SilkS) (width 0.12))
    (fp_circle (center 1.27 0) (end 3.77 0) (layer F.Fab) (width 0.1))
    (fp_circle (center 1.27 0) (end 3.77 0) (layer F.SilkS) (width 0.12))
    (fp_line (start -1.23 -1.469694) (end -1.23 1.469694) (layer F.Fab) (width 0.1))
    (fp_line (start -1.29 -1.545) (end -1.29 1.545) (layer F.SilkS) (width 0.12))
    (fp_line (start -1.95 -3.25) (end -1.95 3.25) (layer F.CrtYd) (width 0.05))
    (fp_line (start -1.95 3.25) (end 4.5 3.25) (layer F.CrtYd) (width 0.05))
    (fp_line (start 4.5 3.25) (end 4.5 -3.25) (layer F.CrtYd) (width 0.05))
    (fp_line (start 4.5 -3.25) (end -1.95 -3.25) (layer F.CrtYd) (width 0.05))
    (fp_text user %R (at 1.25 0) (layer F.Fab)
      (effects (font (size 0.8 0.8) (thickness 0.2)))
    )
    (pad 1 thru_hole rect (at 0 0 180) (size 1.8 1.8) (drill 0.9) (layers *.Cu *.Mask)
      (net 1 "Net-(D1-Pad1)"))
    (pad 2 thru_hole circle (at 2.54 0 180) (size 1.8 1.8) (drill 0.9) (layers *.Cu *.Mask)
      (net 2 "Net-(D1-Pad2)"))
    (model ${KISYS3DMOD}/LED_THT.3dshapes/LED_D5.0mm.wrl
      (at (xyz 0 0 0))
      (scale (xyz 1 1 1))
      (rotate (xyz 0 0 0))
    )
  )

  (module LED_THT:LED_D5.0mm (layer F.Cu) (tedit 5995936A) (tstamp 610888D8)
    (at 48.26 58.42 180)
    (descr "LED, diameter 5.0mm, 2 pins, http://cdn-reichelt.de/documents/datenblatt/A500/LL-504BC2E-009.pdf")
    (tags "LED diameter 5.0mm 2 pins")
    (path /6108DA52)
    (fp_text reference D2 (at 1.27 -3.96) (layer F.SilkS)
      (effects (font (size 1 1) (thickness 0.15)))
    )
    (fp_text value LED_ALT (at 1.27 3.96) (layer F.Fab)
      (effects (font (size 1 1) (thickness 0.15)))
    )
    (fp_text user %R (at 1.25 0) (layer F.Fab)
      (effects (font (size 0.8 0.8) (thickness 0.2)))
    )
    (fp_line (start 4.5 -3.25) (end -1.95 -3.25) (layer F.CrtYd) (width 0.05))
    (fp_line (start 4.5 3.25) (end 4.5 -3.25) (layer F.CrtYd) (width 0.05))
    (fp_line (start -1.95 3.25) (end 4.5 3.25) (layer F.CrtYd) (width 0.05))
    (fp_line (start -1.95 -3.25) (end -1.95 3.25) (layer F.CrtYd) (width 0.05))
    (fp_line (start -1.29 -1.545) (end -1.29 1.545) (layer F.SilkS) (width 0.12))
    (fp_line (start -1.23 -1.469694) (end -1.23 1.469694) (layer F.Fab) (width 0.1))
    (fp_circle (center 1.27 0) (end 3.77 0) (layer F.SilkS) (width 0.12))
    (fp_circle (center 1.27 0) (end 3.77 0) (layer F.Fab) (width 0.1))
    (fp_arc (start 1.27 0) (end -1.29 1.54483) (angle -148.9) (layer F.SilkS) (width 0.12))
    (fp_arc (start 1.27 0) (end -1.29 -1.54483) (angle 148.9) (layer F.SilkS) (width 0.12))
    (fp_arc (start 1.27 0) (end -1.23 -1.469694) (angle 299.1) (layer F.Fab) (width 0.1))
    (pad 2 thru_hole circle (at 2.54 0 180) (size 1.8 1.8) (drill 0.9) (layers *.Cu *.Mask)
      (net 3 "Net-(D2-Pad2)"))
    (pad 1 thru_hole rect (at 0 0 180) (size 1.8 1.8) (drill 0.9) (layers *.Cu *.Mask)
      (net 4 "Net-(D2-Pad1)"))
    (model ${KISYS3DMOD}/LED_THT.3dshapes/LED_D5.0mm.wrl
      (at (xyz 0 0 0))
      (scale (xyz 1 1 1))
      (rotate (xyz 0 0 0))
    )
  )

  (module LED_THT:LED_D5.0mm (layer F.Cu) (tedit 5995936A) (tstamp 610888EA)
    (at 58.42 58.42 180)
    (descr "LED, diameter 5.0mm, 2 pins, http://cdn-reichelt.de/documents/datenblatt/A500/LL-504BC2E-009.pdf")
    (tags "LED diameter 5.0mm 2 pins")
    (path /6108EA8B)
    (fp_text reference D3 (at 1.27 -3.96) (layer F.SilkS)
      (effects (font (size 1 1) (thickness 0.15)))
    )
    (fp_text value LED_ALT (at 1.27 3.96) (layer F.Fab)
      (effects (font (size 1 1) (thickness 0.15)))
    )
    (fp_arc (start 1.27 0) (end -1.23 -1.469694) (angle 299.1) (layer F.Fab) (width 0.1))
    (fp_arc (start 1.27 0) (end -1.29 -1.54483) (angle 148.9) (layer F.SilkS) (width 0.12))
    (fp_arc (start 1.27 0) (end -1.29 1.54483) (angle -148.9) (layer F.SilkS) (width 0.12))
    (fp_circle (center 1.27 0) (end 3.77 0) (layer F.Fab) (width 0.1))
    (fp_circle (center 1.27 0) (end 3.77 0) (layer F.SilkS) (width 0.12))
    (fp_line (start -1.23 -1.469694) (end -1.23 1.469694) (layer F.Fab) (width 0.1))
    (fp_line (start -1.29 -1.545) (end -1.29 1.545) (layer F.SilkS) (width 0.12))
    (fp_line (start -1.95 -3.25) (end -1.95 3.25) (layer F.CrtYd) (width 0.05))
    (fp_line (start -1.95 3.25) (end 4.5 3.25) (layer F.CrtYd) (width 0.05))
    (fp_line (start 4.5 3.25) (end 4.5 -3.25) (layer F.CrtYd) (width 0.05))
    (fp_line (start 4.5 -3.25) (end -1.95 -3.25) (layer F.CrtYd) (width 0.05))
    (fp_text user %R (at 1.25 0) (layer F.Fab)
      (effects (font (size 0.8 0.8) (thickness 0.2)))
    )
    (pad 1 thru_hole rect (at 0 0 180) (size 1.8 1.8) (drill 0.9) (layers *.Cu *.Mask)
      (net 5 "Net-(D3-Pad1)"))
    (pad 2 thru_hole circle (at 2.54 0 180) (size 1.8 1.8) (drill 0.9) (layers *.Cu *.Mask)
      (net 6 "Net-(D3-Pad2)"))
    (model ${KISYS3DMOD}/LED_THT.3dshapes/LED_D5.0mm.wrl
      (at (xyz 0 0 0))
      (scale (xyz 1 1 1))
      (rotate (xyz 0 0 0))
    )
  )

  (module LED_THT:LED_D5.0mm (layer F.Cu) (tedit 5995936A) (tstamp 610888FC)
    (at 68.58 58.42 180)
    (descr "LED, diameter 5.0mm, 2 pins, http://cdn-reichelt.de/documents/datenblatt/A500/LL-504BC2E-009.pdf")
    (tags "LED diameter 5.0mm 2 pins")
    (path /6108EA95)
    (fp_text reference D4 (at 1.27 -3.96) (layer F.SilkS)
      (effects (font (size 1 1) (thickness 0.15)))
    )
    (fp_text value LED_ALT (at 1.27 3.96) (layer F.Fab)
      (effects (font (size 1 1) (thickness 0.15)))
    )
    (fp_text user %R (at 1.25 0) (layer F.Fab)
      (effects (font (size 0.8 0.8) (thickness 0.2)))
    )
    (fp_line (start 4.5 -3.25) (end -1.95 -3.25) (layer F.CrtYd) (width 0.05))
    (fp_line (start 4.5 3.25) (end 4.5 -3.25) (layer F.CrtYd) (width 0.05))
    (fp_line (start -1.95 3.25) (end 4.5 3.25) (layer F.CrtYd) (width 0.05))
    (fp_line (start -1.95 -3.25) (end -1.95 3.25) (layer F.CrtYd) (width 0.05))
    (fp_line (start -1.29 -1.545) (end -1.29 1.545) (layer F.SilkS) (width 0.12))
    (fp_line (start -1.23 -1.469694) (end -1.23 1.469694) (layer F.Fab) (width 0.1))
    (fp_circle (center 1.27 0) (end 3.77 0) (layer F.SilkS) (width 0.12))
    (fp_circle (center 1.27 0) (end 3.77 0) (layer F.Fab) (width 0.1))
    (fp_arc (start 1.27 0) (end -1.29 1.54483) (angle -148.9) (layer F.SilkS) (width 0.12))
    (fp_arc (start 1.27 0) (end -1.29 -1.54483) (angle 148.9) (layer F.SilkS) (width 0.12))
    (fp_arc (start 1.27 0) (end -1.23 -1.469694) (angle 299.1) (layer F.Fab) (width 0.1))
    (pad 2 thru_hole circle (at 2.54 0 180) (size 1.8 1.8) (drill 0.9) (layers *.Cu *.Mask)
      (net 7 "Net-(D4-Pad2)"))
    (pad 1 thru_hole rect (at 0 0 180) (size 1.8 1.8) (drill 0.9) (layers *.Cu *.Mask)
      (net 8 "Net-(D4-Pad1)"))
    (model ${KISYS3DMOD}/LED_THT.3dshapes/LED_D5.0mm.wrl
      (at (xyz 0 0 0))
      (scale (xyz 1 1 1))
      (rotate (xyz 0 0 0))
    )
  )

  (module LED_THT:LED_D5.0mm (layer F.Cu) (tedit 5995936A) (tstamp 6108890E)
    (at 78.74 58.42 180)
    (descr "LED, diameter 5.0mm, 2 pins, http://cdn-reichelt.de/documents/datenblatt/A500/LL-504BC2E-009.pdf")
    (tags "LED diameter 5.0mm 2 pins")
    (path /6108FCDF)
    (fp_text reference D5 (at 1.27 -3.96) (layer F.SilkS)
      (effects (font (size 1 1) (thickness 0.15)))
    )
    (fp_text value LED_ALT (at 1.27 3.96) (layer F.Fab)
      (effects (font (size 1 1) (thickness 0.15)))
    )
    (fp_arc (start 1.27 0) (end -1.23 -1.469694) (angle 299.1) (layer F.Fab) (width 0.1))
    (fp_arc (start 1.27 0) (end -1.29 -1.54483) (angle 148.9) (layer F.SilkS) (width 0.12))
    (fp_arc (start 1.27 0) (end -1.29 1.54483) (angle -148.9) (layer F.SilkS) (width 0.12))
    (fp_circle (center 1.27 0) (end 3.77 0) (layer F.Fab) (width 0.1))
    (fp_circle (center 1.27 0) (end 3.77 0) (layer F.SilkS) (width 0.12))
    (fp_line (start -1.23 -1.469694) (end -1.23 1.469694) (layer F.Fab) (width 0.1))
    (fp_line (start -1.29 -1.545) (end -1.29 1.545) (layer F.SilkS) (width 0.12))
    (fp_line (start -1.95 -3.25) (end -1.95 3.25) (layer F.CrtYd) (width 0.05))
    (fp_line (start -1.95 3.25) (end 4.5 3.25) (layer F.CrtYd) (width 0.05))
    (fp_line (start 4.5 3.25) (end 4.5 -3.25) (layer F.CrtYd) (width 0.05))
    (fp_line (start 4.5 -3.25) (end -1.95 -3.25) (layer F.CrtYd) (width 0.05))
    (fp_text user %R (at 1.25 0) (layer F.Fab)
      (effects (font (size 0.8 0.8) (thickness 0.2)))
    )
    (pad 1 thru_hole rect (at 0 0 180) (size 1.8 1.8) (drill 0.9) (layers *.Cu *.Mask)
      (net 9 "Net-(D5-Pad1)"))
    (pad 2 thru_hole circle (at 2.54 0 180) (size 1.8 1.8) (drill 0.9) (layers *.Cu *.Mask)
      (net 10 "Net-(D5-Pad2)"))
    (model ${KISYS3DMOD}/LED_THT.3dshapes/LED_D5.0mm.wrl
      (at (xyz 0 0 0))
      (scale (xyz 1 1 1))
      (rotate (xyz 0 0 0))
    )
  )

  (module LandBoards_MountHoles:MTG-4-40 (layer F.Cu) (tedit 5CF905B3) (tstamp 61088936)
    (at 27.94 48.26 270)
    (path /610972E3)
    (fp_text reference MTG1 (at -6.858 -0.635 90) (layer F.SilkS) hide
      (effects (font (size 1 1) (thickness 0.25)))
    )
    (fp_text value MTG_HOLE (at 0 -5.08 90) (layer F.SilkS) hide
      (effects (font (size 1.524 1.524) (thickness 0.3048)))
    )
    (fp_circle (center 0 0) (end 3.352745 0) (layer F.CrtYd) (width 0.05))
    (pad 1 thru_hole circle (at 0 0 270) (size 6.35 6.35) (drill 3.175) (layers *.Cu *.Mask F.SilkS))
  )

  (module LandBoards_MountHoles:MTG-4-40 (layer F.Cu) (tedit 5CF905B3) (tstamp 6108893C)
    (at 86.36 48.26 270)
    (path /6109718E)
    (fp_text reference MTG2 (at -6.858 -0.635 90) (layer F.SilkS) hide
      (effects (font (size 1 1) (thickness 0.25)))
    )
    (fp_text value MTG_HOLE (at 0 -5.08 90) (layer F.SilkS) hide
      (effects (font (size 1.524 1.524) (thickness 0.3048)))
    )
    (fp_circle (center 0 0) (end 3.352745 0) (layer F.CrtYd) (width 0.05))
    (pad 1 thru_hole circle (at 0 0 270) (size 6.35 6.35) (drill 3.175) (layers *.Cu *.Mask F.SilkS))
  )

  (gr_line (start 27.94 53.34) (end 27.94 41.91) (layer Dwgs.User) (width 0.15))
  (gr_line (start 36.83 53.34) (end 36.83 41.91) (layer Dwgs.User) (width 0.15))
  (gr_line (start 46.99 53.34) (end 46.99 41.91) (layer Dwgs.User) (width 0.15))
  (gr_line (start 57.15 53.34) (end 57.15 41.91) (layer Dwgs.User) (width 0.15))
  (gr_line (start 67.31 53.34) (end 67.31 41.91) (layer Dwgs.User) (width 0.15))
  (gr_line (start 77.47 53.34) (end 77.47 41.91) (layer Dwgs.User) (width 0.15))
  (gr_line (start 86.36 55.88) (end 86.36 43.18) (layer Dwgs.User) (width 0.15))
  (gr_line (start 22.86 48.26) (end 93.98 48.26) (layer Dwgs.User) (width 0.15) (tstamp 6108E65A))
  (gr_line (start 93.98 12.7) (end 93.98 15.24) (layer Dwgs.User) (width 0.15) (tstamp 6108E615))
  (gr_line (start 20.32 12.7) (end 93.98 12.7) (layer Dwgs.User) (width 0.15))
  (gr_line (start 20.32 15.24) (end 20.32 12.7) (layer Dwgs.User) (width 0.15))
  (gr_line (start 20.32 15.24) (end 20.32 17.78) (layer Dwgs.User) (width 0.15) (tstamp 6108E614))
  (gr_line (start 93.98 15.24) (end 20.32 15.24) (layer Dwgs.User) (width 0.15))
  (gr_line (start 93.98 17.78) (end 93.98 15.24) (layer Dwgs.User) (width 0.15))
  (gr_line (start 93.98 17.78) (end 93.98 20.32) (layer Dwgs.User) (width 0.15) (tstamp 6108E613))
  (gr_line (start 20.32 17.78) (end 93.98 17.78) (layer Dwgs.User) (width 0.15))
  (gr_line (start 20.32 20.32) (end 20.32 17.78) (layer Dwgs.User) (width 0.15))
  (gr_line (start 20.32 20.32) (end 20.32 22.86) (layer Dwgs.User) (width 0.15) (tstamp 6108E56E))
  (gr_line (start 93.98 20.32) (end 20.32 20.32) (layer Dwgs.User) (width 0.15))
  (gr_line (start 93.98 22.86) (end 93.98 20.32) (layer Dwgs.User) (width 0.15))
  (gr_line (start 93.98 22.86) (end 93.98 25.4) (layer Dwgs.User) (width 0.15) (tstamp 6108E56D))
  (gr_line (start 20.32 22.86) (end 93.98 22.86) (layer Dwgs.User) (width 0.15))
  (gr_line (start 20.32 25.4) (end 20.32 22.86) (layer Dwgs.User) (width 0.15))
  (gr_line (start 20.32 33.02) (end 20.32 35.56) (layer Dwgs.User) (width 0.15) (tstamp 6108E56C))
  (gr_line (start 93.98 27.94) (end 93.98 35.56) (layer Dwgs.User) (width 0.15) (tstamp 6108E56B))
  (gr_line (start 20.32 27.94) (end 93.98 27.94) (layer Dwgs.User) (width 0.15))
  (gr_line (start 20.32 25.4) (end 20.32 30.48) (layer Dwgs.User) (width 0.15) (tstamp 6108E56A))
  (gr_line (start 93.98 25.4) (end 20.32 25.4) (layer Dwgs.User) (width 0.15))
  (gr_line (start 93.98 30.48) (end 93.98 25.4) (layer Dwgs.User) (width 0.15))
  (gr_line (start 20.32 30.48) (end 93.98 30.48) (layer Dwgs.User) (width 0.15))
  (gr_line (start 20.32 33.02) (end 20.32 30.48) (layer Dwgs.User) (width 0.15))
  (gr_line (start 93.98 33.02) (end 20.32 33.02) (layer Dwgs.User) (width 0.15))
  (gr_line (start 93.98 35.56) (end 93.98 33.02) (layer Dwgs.User) (width 0.15))
  (gr_line (start 20.32 35.56) (end 93.98 35.56) (layer Dwgs.User) (width 0.15))
  (dimension 7.62 (width 0.15) (layer Dwgs.User)
    (gr_text "0.3000 in" (at 82.55 69.88) (layer Dwgs.User)
      (effects (font (size 1 1) (thickness 0.15)))
    )
    (feature1 (pts (xy 86.36 55.88) (xy 86.36 69.166421)))
    (feature2 (pts (xy 78.74 55.88) (xy 78.74 69.166421)))
    (crossbar (pts (xy 78.74 68.58) (xy 86.36 68.58)))
    (arrow1a (pts (xy 86.36 68.58) (xy 85.233496 69.166421)))
    (arrow1b (pts (xy 86.36 68.58) (xy 85.233496 67.993579)))
    (arrow2a (pts (xy 78.74 68.58) (xy 79.866504 69.166421)))
    (arrow2b (pts (xy 78.74 68.58) (xy 79.866504 67.993579)))
  )
  (dimension 7.62 (width 0.15) (layer Dwgs.User)
    (gr_text "0.3000 in" (at 31.75 69.88) (layer Dwgs.User)
      (effects (font (size 1 1) (thickness 0.15)))
    )
    (feature1 (pts (xy 35.56 55.88) (xy 35.56 69.166421)))
    (feature2 (pts (xy 27.94 55.88) (xy 27.94 69.166421)))
    (crossbar (pts (xy 27.94 68.58) (xy 35.56 68.58)))
    (arrow1a (pts (xy 35.56 68.58) (xy 34.433496 69.166421)))
    (arrow1b (pts (xy 35.56 68.58) (xy 34.433496 67.993579)))
    (arrow2a (pts (xy 27.94 68.58) (xy 29.066504 69.166421)))
    (arrow2b (pts (xy 27.94 68.58) (xy 29.066504 67.993579)))
  )
  (dimension 58.42 (width 0.15) (layer Dwgs.User)
    (gr_text "2.3000 in" (at 57.15 80.04) (layer Dwgs.User)
      (effects (font (size 1 1) (thickness 0.15)))
    )
    (feature1 (pts (xy 86.36 55.88) (xy 86.36 79.326421)))
    (feature2 (pts (xy 27.94 55.88) (xy 27.94 79.326421)))
    (crossbar (pts (xy 27.94 78.74) (xy 86.36 78.74)))
    (arrow1a (pts (xy 86.36 78.74) (xy 85.233496 79.326421)))
    (arrow1b (pts (xy 86.36 78.74) (xy 85.233496 78.153579)))
    (arrow2a (pts (xy 27.94 78.74) (xy 29.066504 79.326421)))
    (arrow2b (pts (xy 27.94 78.74) (xy 29.066504 78.153579)))
  )
  (dimension 10.16 (width 0.15) (layer Dwgs.User)
    (gr_text "0.4000 in" (at 71.12 69.88) (layer Dwgs.User)
      (effects (font (size 1 1) (thickness 0.15)))
    )
    (feature1 (pts (xy 76.2 55.88) (xy 76.2 69.166421)))
    (feature2 (pts (xy 66.04 55.88) (xy 66.04 69.166421)))
    (crossbar (pts (xy 66.04 68.58) (xy 76.2 68.58)))
    (arrow1a (pts (xy 76.2 68.58) (xy 75.073496 69.166421)))
    (arrow1b (pts (xy 76.2 68.58) (xy 75.073496 67.993579)))
    (arrow2a (pts (xy 66.04 68.58) (xy 67.166504 69.166421)))
    (arrow2b (pts (xy 66.04 68.58) (xy 67.166504 67.993579)))
  )
  (dimension 10.16 (width 0.15) (layer Dwgs.User)
    (gr_text "0.4000 in" (at 60.96 69.88) (layer Dwgs.User)
      (effects (font (size 1 1) (thickness 0.15)))
    )
    (feature1 (pts (xy 66.04 55.88) (xy 66.04 69.166421)))
    (feature2 (pts (xy 55.88 55.88) (xy 55.88 69.166421)))
    (crossbar (pts (xy 55.88 68.58) (xy 66.04 68.58)))
    (arrow1a (pts (xy 66.04 68.58) (xy 64.913496 69.166421)))
    (arrow1b (pts (xy 66.04 68.58) (xy 64.913496 67.993579)))
    (arrow2a (pts (xy 55.88 68.58) (xy 57.006504 69.166421)))
    (arrow2b (pts (xy 55.88 68.58) (xy 57.006504 67.993579)))
  )
  (dimension 10.16 (width 0.15) (layer Dwgs.User)
    (gr_text "0.4000 in" (at 50.8 69.88) (layer Dwgs.User)
      (effects (font (size 1 1) (thickness 0.15)))
    )
    (feature1 (pts (xy 55.88 55.88) (xy 55.88 69.166421)))
    (feature2 (pts (xy 45.72 55.88) (xy 45.72 69.166421)))
    (crossbar (pts (xy 45.72 68.58) (xy 55.88 68.58)))
    (arrow1a (pts (xy 55.88 68.58) (xy 54.753496 69.166421)))
    (arrow1b (pts (xy 55.88 68.58) (xy 54.753496 67.993579)))
    (arrow2a (pts (xy 45.72 68.58) (xy 46.846504 69.166421)))
    (arrow2b (pts (xy 45.72 68.58) (xy 46.846504 67.993579)))
  )
  (dimension 10.16 (width 0.15) (layer Dwgs.User)
    (gr_text "0.4000 in" (at 40.64 69.88) (layer Dwgs.User)
      (effects (font (size 1 1) (thickness 0.15)))
    )
    (feature1 (pts (xy 45.72 55.88) (xy 45.72 69.166421)))
    (feature2 (pts (xy 35.56 55.88) (xy 35.56 69.166421)))
    (crossbar (pts (xy 35.56 68.58) (xy 45.72 68.58)))
    (arrow1a (pts (xy 45.72 68.58) (xy 44.593496 69.166421)))
    (arrow1b (pts (xy 45.72 68.58) (xy 44.593496 67.993579)))
    (arrow2a (pts (xy 35.56 68.58) (xy 36.686504 69.166421)))
    (arrow2b (pts (xy 35.56 68.58) (xy 36.686504 67.993579)))
  )

)
