(kicad_pcb (version 20171130) (host pcbnew "(5.0.2)-1")

  (general
    (thickness 1.6)
    (drawings 36)
    (tracks 1282)
    (zones 0)
    (modules 50)
    (nets 98)
  )

  (page A)
  (title_block
    (title Z80_PSoC)
    (date 2019-09-25)
    (rev 1)
    (company land-boards.com)
  )

  (layers
    (0 F.Cu signal)
    (31 B.Cu signal)
    (32 B.Adhes user hide)
    (33 F.Adhes user hide)
    (34 B.Paste user hide)
    (35 F.Paste user hide)
    (36 B.SilkS user)
    (37 F.SilkS user)
    (38 B.Mask user hide)
    (39 F.Mask user hide)
    (40 Dwgs.User user hide)
    (41 Cmts.User user hide)
    (42 Eco1.User user hide)
    (43 Eco2.User user hide)
    (44 Edge.Cuts user)
    (45 Margin user hide)
    (46 B.CrtYd user hide)
    (47 F.CrtYd user hide)
    (48 B.Fab user hide)
    (49 F.Fab user hide)
  )

  (setup
    (last_trace_width 0.1524)
    (user_trace_width 0.1524)
    (trace_clearance 0.1524)
    (zone_clearance 0.2032)
    (zone_45_only no)
    (trace_min 0.1524)
    (segment_width 0.2)
    (edge_width 0.15)
    (via_size 0.8)
    (via_drill 0.4)
    (via_min_size 0.4)
    (via_min_drill 0.3)
    (uvia_size 0.3)
    (uvia_drill 0.1)
    (uvias_allowed no)
    (uvia_min_size 0.2)
    (uvia_min_drill 0.1)
    (pcb_text_width 0.3)
    (pcb_text_size 1.5 1.5)
    (mod_edge_width 0.15)
    (mod_text_size 1.524 1.397)
    (mod_text_width 0.254)
    (pad_size 1.524 1.524)
    (pad_drill 0.762)
    (pad_to_mask_clearance 0.051)
    (solder_mask_min_width 0.25)
    (aux_axis_origin 0 0)
    (visible_elements 7FFFFF7F)
    (pcbplotparams
      (layerselection 0x010fc_ffffffff)
      (usegerberextensions false)
      (usegerberattributes false)
      (usegerberadvancedattributes false)
      (creategerberjobfile false)
      (excludeedgelayer true)
      (linewidth 0.100000)
      (plotframeref false)
      (viasonmask false)
      (mode 1)
      (useauxorigin false)
      (hpglpennumber 1)
      (hpglpenspeed 20)
      (hpglpendiameter 15.000000)
      (psnegative false)
      (psa4output false)
      (plotreference true)
      (plotvalue true)
      (plotinvisibletext false)
      (padsonsilk false)
      (subtractmaskfromsilk false)
      (outputformat 1)
      (mirror false)
      (drillshape 0)
      (scaleselection 1)
      (outputdirectory "plots/"))
  )

  (net 0 "")
  (net 1 GND)
  (net 2 +5V)
  (net 3 "Net-(BT1-Pad1)")
  (net 4 "Net-(D1-Pad1)")
  (net 5 "Net-(J1-Pad5)")
  (net 6 /USB-DM)
  (net 7 /USB-DP)
  (net 8 /~INT)
  (net 9 "Net-(R7-Pad2)")
  (net 10 /CPUA11)
  (net 11 /~CPURD)
  (net 12 /CPUA12)
  (net 13 /~CPUWR)
  (net 14 /CPUA13)
  (net 15 /~BUSACK)
  (net 16 /CPUA14)
  (net 17 /~WAIT)
  (net 18 /CPUA15)
  (net 19 /~BUSRQ)
  (net 20 /CPUCLK)
  (net 21 /~CPURST)
  (net 22 /CPUD4)
  (net 23 /~M1)
  (net 24 /CPUD3)
  (net 25 /CPUD5)
  (net 26 /CPUD6)
  (net 27 /CPUA0)
  (net 28 /CPUA1)
  (net 29 /CPUD2)
  (net 30 /CPUA2)
  (net 31 /CPUD7)
  (net 32 /CPUA3)
  (net 33 /CPUD0)
  (net 34 /CPUA4)
  (net 35 /CPUD1)
  (net 36 /CPUA5)
  (net 37 /CPUA6)
  (net 38 /~NMI)
  (net 39 /CPUA7)
  (net 40 /~HALT)
  (net 41 /CPUA8)
  (net 42 /~MREQ)
  (net 43 /CPUA9)
  (net 44 /~IORQ)
  (net 45 /CPUA10)
  (net 46 /SCL)
  (net 47 /SDA)
  (net 48 "Net-(U3-Pad8)")
  (net 49 /SWD)
  (net 50 /SWC)
  (net 51 /P76)
  (net 52 /P77)
  (net 53 /P78)
  (net 54 /P79)
  (net 55 /SRAMA16)
  (net 56 /SRAMA18)
  (net 57 /SRAMA17)
  (net 58 /~MEMRD)
  (net 59 /~MEMWR)
  (net 60 /~SRAMCS)
  (net 61 /SRAMA11)
  (net 62 /SRAMA12)
  (net 63 /SRAMA13)
  (net 64 /SRAMA14)
  (net 65 /SRAMA15)
  (net 66 /GPB7)
  (net 67 /GPB0)
  (net 68 /GPA7)
  (net 69 /GPA0)
  (net 70 /~I2CINT)
  (net 71 /GPB1)
  (net 72 /GPB2)
  (net 73 /GPB3)
  (net 74 /GPB4)
  (net 75 /GPB5)
  (net 76 /GPB6)
  (net 77 /GPA1)
  (net 78 /GPA2)
  (net 79 /GPA3)
  (net 80 /GPA4)
  (net 81 /GPA5)
  (net 82 /GPA6)
  (net 83 /DAC_OUT)
  (net 84 "Net-(R8-Pad2)")
  (net 85 "Net-(R9-Pad2)")
  (net 86 "Net-(C10-Pad1)")
  (net 87 "Net-(C7-Pad1)")
  (net 88 "Net-(C8-Pad1)")
  (net 89 "Net-(C9-Pad2)")
  (net 90 "Net-(C13-Pad1)")
  (net 91 "Net-(C18-Pad2)")
  (net 92 "Net-(C19-Pad2)")
  (net 93 "Net-(R10-Pad2)")
  (net 94 /P22)
  (net 95 /P23)
  (net 96 /P24)
  (net 97 /P27)

  (net_class Default "This is the default net class."
    (clearance 0.1524)
    (trace_width 0.2032)
    (via_dia 0.8)
    (via_drill 0.4)
    (uvia_dia 0.3)
    (uvia_drill 0.1)
    (add_net +5V)
    (add_net /CPUA0)
    (add_net /CPUA1)
    (add_net /CPUA10)
    (add_net /CPUA11)
    (add_net /CPUA12)
    (add_net /CPUA13)
    (add_net /CPUA14)
    (add_net /CPUA15)
    (add_net /CPUA2)
    (add_net /CPUA3)
    (add_net /CPUA4)
    (add_net /CPUA5)
    (add_net /CPUA6)
    (add_net /CPUA7)
    (add_net /CPUA8)
    (add_net /CPUA9)
    (add_net /CPUCLK)
    (add_net /CPUD0)
    (add_net /CPUD1)
    (add_net /CPUD2)
    (add_net /CPUD3)
    (add_net /CPUD4)
    (add_net /CPUD5)
    (add_net /CPUD6)
    (add_net /CPUD7)
    (add_net /DAC_OUT)
    (add_net /GPA0)
    (add_net /GPA1)
    (add_net /GPA2)
    (add_net /GPA3)
    (add_net /GPA4)
    (add_net /GPA5)
    (add_net /GPA6)
    (add_net /GPA7)
    (add_net /GPB0)
    (add_net /GPB1)
    (add_net /GPB2)
    (add_net /GPB3)
    (add_net /GPB4)
    (add_net /GPB5)
    (add_net /GPB6)
    (add_net /GPB7)
    (add_net /P22)
    (add_net /P23)
    (add_net /P24)
    (add_net /P27)
    (add_net /P76)
    (add_net /P77)
    (add_net /P78)
    (add_net /P79)
    (add_net /SCL)
    (add_net /SDA)
    (add_net /SRAMA11)
    (add_net /SRAMA12)
    (add_net /SRAMA13)
    (add_net /SRAMA14)
    (add_net /SRAMA15)
    (add_net /SRAMA16)
    (add_net /SRAMA17)
    (add_net /SRAMA18)
    (add_net /SWC)
    (add_net /SWD)
    (add_net /USB-DM)
    (add_net /USB-DP)
    (add_net /~BUSACK)
    (add_net /~BUSRQ)
    (add_net /~CPURD)
    (add_net /~CPURST)
    (add_net /~CPUWR)
    (add_net /~HALT)
    (add_net /~I2CINT)
    (add_net /~INT)
    (add_net /~IORQ)
    (add_net /~M1)
    (add_net /~MEMRD)
    (add_net /~MEMWR)
    (add_net /~MREQ)
    (add_net /~NMI)
    (add_net /~SRAMCS)
    (add_net /~WAIT)
    (add_net GND)
    (add_net "Net-(BT1-Pad1)")
    (add_net "Net-(C10-Pad1)")
    (add_net "Net-(C13-Pad1)")
    (add_net "Net-(C18-Pad2)")
    (add_net "Net-(C19-Pad2)")
    (add_net "Net-(C7-Pad1)")
    (add_net "Net-(C8-Pad1)")
    (add_net "Net-(C9-Pad2)")
    (add_net "Net-(D1-Pad1)")
    (add_net "Net-(J1-Pad5)")
    (add_net "Net-(R10-Pad2)")
    (add_net "Net-(R7-Pad2)")
    (add_net "Net-(R8-Pad2)")
    (add_net "Net-(R9-Pad2)")
    (add_net "Net-(U3-Pad8)")
  )

  (module Resistor_SMD:R_0805_2012Metric_Pad1.15x1.40mm_HandSolder (layer B.Cu) (tedit 5B36C52B) (tstamp 5DBEEF51)
    (at 67.691 1.778 180)
    (descr "Resistor SMD 0805 (2012 Metric), square (rectangular) end terminal, IPC_7351 nominal with elongated pad for handsoldering. (Body size source: https://docs.google.com/spreadsheets/d/1BsfQQcO9C6DZCsRaXUlFlo91Tg2WpOkGARC1WS5S8t0/edit?usp=sharing), generated with kicad-footprint-generator")
    (tags "resistor handsolder")
    (path /5DC2CA82)
    (attr smd)
    (fp_text reference R10 (at -4.318 0 180) (layer B.SilkS)
      (effects (font (size 1.397 1.524) (thickness 0.254)) (justify mirror))
    )
    (fp_text value 10K (at 0 -1.65 180) (layer B.Fab)
      (effects (font (size 1 1) (thickness 0.15)) (justify mirror))
    )
    (fp_line (start -1 -0.6) (end -1 0.6) (layer B.Fab) (width 0.1))
    (fp_line (start -1 0.6) (end 1 0.6) (layer B.Fab) (width 0.1))
    (fp_line (start 1 0.6) (end 1 -0.6) (layer B.Fab) (width 0.1))
    (fp_line (start 1 -0.6) (end -1 -0.6) (layer B.Fab) (width 0.1))
    (fp_line (start -0.261252 0.71) (end 0.261252 0.71) (layer B.SilkS) (width 0.12))
    (fp_line (start -0.261252 -0.71) (end 0.261252 -0.71) (layer B.SilkS) (width 0.12))
    (fp_line (start -1.85 -0.95) (end -1.85 0.95) (layer B.CrtYd) (width 0.05))
    (fp_line (start -1.85 0.95) (end 1.85 0.95) (layer B.CrtYd) (width 0.05))
    (fp_line (start 1.85 0.95) (end 1.85 -0.95) (layer B.CrtYd) (width 0.05))
    (fp_line (start 1.85 -0.95) (end -1.85 -0.95) (layer B.CrtYd) (width 0.05))
    (fp_text user %R (at 0 0 180) (layer B.Fab)
      (effects (font (size 0.5 0.5) (thickness 0.08)) (justify mirror))
    )
    (pad 1 smd roundrect (at -1.025 0 180) (size 1.15 1.4) (layers B.Cu B.Paste B.Mask) (roundrect_rratio 0.217391)
      (net 2 +5V))
    (pad 2 smd roundrect (at 1.025 0 180) (size 1.15 1.4) (layers B.Cu B.Paste B.Mask) (roundrect_rratio 0.217391)
      (net 93 "Net-(R10-Pad2)"))
    (model ${KISYS3DMOD}/Resistor_SMD.3dshapes/R_0805_2012Metric.wrl
      (at (xyz 0 0 0))
      (scale (xyz 1 1 1))
      (rotate (xyz 0 0 0))
    )
  )

  (module Inductor_SMD:L_0805_2012Metric_Pad1.15x1.40mm_HandSolder (layer B.Cu) (tedit 5B36C52B) (tstamp 5D90CD06)
    (at 84.582 48.26 90)
    (descr "Capacitor SMD 0805 (2012 Metric), square (rectangular) end terminal, IPC_7351 nominal with elongated pad for handsoldering. (Body size source: https://docs.google.com/spreadsheets/d/1BsfQQcO9C6DZCsRaXUlFlo91Tg2WpOkGARC1WS5S8t0/edit?usp=sharing), generated with kicad-footprint-generator")
    (tags "inductor handsolder")
    (path /5DF755C8)
    (attr smd)
    (fp_text reference L1 (at 3.048 0 90) (layer B.SilkS)
      (effects (font (size 1.397 1.524) (thickness 0.254)) (justify mirror))
    )
    (fp_text value HZ0805E601R-10 (at 0 -1.65 90) (layer B.Fab)
      (effects (font (size 1 1) (thickness 0.15)) (justify mirror))
    )
    (fp_line (start -1 -0.6) (end -1 0.6) (layer B.Fab) (width 0.1))
    (fp_line (start -1 0.6) (end 1 0.6) (layer B.Fab) (width 0.1))
    (fp_line (start 1 0.6) (end 1 -0.6) (layer B.Fab) (width 0.1))
    (fp_line (start 1 -0.6) (end -1 -0.6) (layer B.Fab) (width 0.1))
    (fp_line (start -0.261252 0.71) (end 0.261252 0.71) (layer B.SilkS) (width 0.12))
    (fp_line (start -0.261252 -0.71) (end 0.261252 -0.71) (layer B.SilkS) (width 0.12))
    (fp_line (start -1.85 -0.95) (end -1.85 0.95) (layer B.CrtYd) (width 0.05))
    (fp_line (start -1.85 0.95) (end 1.85 0.95) (layer B.CrtYd) (width 0.05))
    (fp_line (start 1.85 0.95) (end 1.85 -0.95) (layer B.CrtYd) (width 0.05))
    (fp_line (start 1.85 -0.95) (end -1.85 -0.95) (layer B.CrtYd) (width 0.05))
    (fp_text user %R (at 0 0 90) (layer B.Fab)
      (effects (font (size 0.5 0.5) (thickness 0.08)) (justify mirror))
    )
    (pad 1 smd roundrect (at -1.025 0 90) (size 1.15 1.4) (layers B.Cu B.Paste B.Mask) (roundrect_rratio 0.217391)
      (net 87 "Net-(C7-Pad1)"))
    (pad 2 smd roundrect (at 1.025 0 90) (size 1.15 1.4) (layers B.Cu B.Paste B.Mask) (roundrect_rratio 0.217391)
      (net 2 +5V))
    (model ${KISYS3DMOD}/Inductor_SMD.3dshapes/L_0805_2012Metric.wrl
      (at (xyz 0 0 0))
      (scale (xyz 1 1 1))
      (rotate (xyz 0 0 0))
    )
  )

  (module Oscillator:Oscillator_DIP-14 (layer F.Cu) (tedit 5D86B5E1) (tstamp 5D90CFDE)
    (at 83.312 27.432 180)
    (descr "Oscillator, DIP14, http://cdn-reichelt.de/documents/datenblatt/B400/OSZI.pdf")
    (tags oscillator)
    (path /5E0B1D6E)
    (fp_text reference U3 (at 0.0635 3.9243) (layer F.SilkS)
      (effects (font (size 1.397 1.524) (thickness 0.254)))
    )
    (fp_text value "4.9152 MHz" (at 7.62 3.74 180) (layer F.Fab)
      (effects (font (size 1 1) (thickness 0.15)))
    )
    (fp_text user %R (at 7.62 -3.81 180) (layer F.Fab)
      (effects (font (size 1 1) (thickness 0.15)))
    )
    (fp_line (start 18.22 2.79) (end 18.22 -10.41) (layer F.CrtYd) (width 0.05))
    (fp_line (start 18.22 -10.41) (end -2.98 -10.41) (layer F.CrtYd) (width 0.05))
    (fp_line (start -2.98 -10.41) (end -2.98 2.79) (layer F.CrtYd) (width 0.05))
    (fp_line (start -2.98 2.79) (end 18.22 2.79) (layer F.CrtYd) (width 0.05))
    (fp_line (start 16.97 1.19) (end 16.97 -8.81) (layer F.Fab) (width 0.1))
    (fp_line (start -1.38 -9.16) (end 16.62 -9.16) (layer F.Fab) (width 0.1))
    (fp_line (start -1.73 1.54) (end -1.73 -8.81) (layer F.Fab) (width 0.1))
    (fp_line (start -1.73 1.54) (end 16.62 1.54) (layer F.Fab) (width 0.1))
    (fp_line (start -2.83 -9.51) (end -2.83 2.64) (layer F.SilkS) (width 0.12))
    (fp_line (start 17.32 -10.26) (end -2.08 -10.26) (layer F.SilkS) (width 0.12))
    (fp_line (start 18.07 1.89) (end 18.07 -9.51) (layer F.SilkS) (width 0.12))
    (fp_line (start -2.83 2.64) (end 17.32 2.64) (layer F.SilkS) (width 0.12))
    (fp_line (start -2.73 2.54) (end 17.32 2.54) (layer F.Fab) (width 0.1))
    (fp_line (start 17.97 -9.51) (end 17.97 1.89) (layer F.Fab) (width 0.1))
    (fp_line (start -2.08 -10.16) (end 17.32 -10.16) (layer F.Fab) (width 0.1))
    (fp_line (start -2.73 2.54) (end -2.73 -9.51) (layer F.Fab) (width 0.1))
    (fp_arc (start 16.62 1.19) (end 16.97 1.19) (angle 90) (layer F.Fab) (width 0.1))
    (fp_arc (start 16.62 -8.81) (end 16.62 -9.16) (angle 90) (layer F.Fab) (width 0.1))
    (fp_arc (start -1.38 -8.81) (end -1.73 -8.81) (angle 90) (layer F.Fab) (width 0.1))
    (fp_arc (start 17.32 1.89) (end 18.07 1.89) (angle 90) (layer F.SilkS) (width 0.12))
    (fp_arc (start 17.32 -9.51) (end 17.32 -10.26) (angle 90) (layer F.SilkS) (width 0.12))
    (fp_arc (start -2.08 -9.51) (end -2.83 -9.51) (angle 90) (layer F.SilkS) (width 0.12))
    (fp_arc (start 17.32 1.89) (end 17.97 1.89) (angle 90) (layer F.Fab) (width 0.1))
    (fp_arc (start 17.32 -9.51) (end 17.32 -10.16) (angle 90) (layer F.Fab) (width 0.1))
    (fp_arc (start -2.08 -9.51) (end -2.73 -9.51) (angle 90) (layer F.Fab) (width 0.1))
    (pad 1 thru_hole rect (at 0 0 180) (size 1.6 1.6) (drill 0.8) (layers *.Cu *.Mask))
    (pad 14 thru_hole circle (at 0 -7.62 180) (size 1.6 1.6) (drill 0.8) (layers *.Cu *.Mask)
      (net 2 +5V))
    (pad 8 thru_hole circle (at 15.24 -7.62 180) (size 1.6 1.6) (drill 0.8) (layers *.Cu *.Mask)
      (net 48 "Net-(U3-Pad8)"))
    (pad 7 thru_hole circle (at 15.24 0 180) (size 1.6 1.6) (drill 0.8) (layers *.Cu *.Mask)
      (net 1 GND))
    (model ${KISYS3DMOD}/Oscillator.3dshapes/Oscillator_DIP-14.wrl
      (at (xyz 0 0 0))
      (scale (xyz 1 1 1))
      (rotate (xyz 0 0 0))
    )
  )

  (module Battery:BatteryHolder_Keystone_103_1x20mm (layer F.Cu) (tedit 5787C32C) (tstamp 5D93357E)
    (at 54.864 75.692 180)
    (descr http://www.keyelco.com/product-pdf.cfm?p=719)
    (tags "Keystone type 103 battery holder")
    (path /5D953346)
    (fp_text reference BT1 (at -4.318 2.286 180) (layer F.SilkS)
      (effects (font (size 1.397 1.524) (thickness 0.254)))
    )
    (fp_text value Battery_Cell (at 15 13 180) (layer F.Fab)
      (effects (font (size 1 1) (thickness 0.15)))
    )
    (fp_text user + (at 2.75 0 180) (layer F.SilkS)
      (effects (font (size 1.5 1.5) (thickness 0.15)))
    )
    (fp_text user %R (at 0 0 180) (layer F.Fab)
      (effects (font (size 1 1) (thickness 0.15)))
    )
    (fp_arc (start 15.2 0) (end 4.01 3.6) (angle -162.5) (layer F.CrtYd) (width 0.05))
    (fp_arc (start 15.2 0) (end 4.01 -3.6) (angle 162.5) (layer F.CrtYd) (width 0.05))
    (fp_arc (start 3.5 3.8) (end 3.5 3.25) (angle 70) (layer F.CrtYd) (width 0.05))
    (fp_arc (start 3.5 -3.8) (end 3.5 -3.25) (angle -70) (layer F.CrtYd) (width 0.05))
    (fp_arc (start 15.2 0) (end 4.25 3.5) (angle -162.5) (layer F.SilkS) (width 0.12))
    (fp_arc (start 3.5 3.8) (end 3.5 3) (angle 70) (layer F.SilkS) (width 0.12))
    (fp_arc (start 15.2 0) (end 4.25 -3.5) (angle 162.5) (layer F.SilkS) (width 0.12))
    (fp_arc (start 3.5 -3.8) (end 3.5 -3) (angle -70) (layer F.SilkS) (width 0.12))
    (fp_arc (start 3.5 3.8) (end 3.5 2.9) (angle 70) (layer F.Fab) (width 0.1))
    (fp_arc (start 15.2 0) (end 4.35 3.5) (angle -162.5) (layer F.Fab) (width 0.1))
    (fp_arc (start 15.2 0) (end 4.35 -3.5) (angle 162.5) (layer F.Fab) (width 0.1))
    (fp_arc (start 15.2 0) (end 5.2 1.3) (angle -180) (layer F.Fab) (width 0.1))
    (fp_line (start -2.45 -3.25) (end 3.5 -3.25) (layer F.CrtYd) (width 0.05))
    (fp_line (start -2.45 3.25) (end 3.5 3.25) (layer F.CrtYd) (width 0.05))
    (fp_line (start -2.45 3.25) (end -2.45 -3.25) (layer F.CrtYd) (width 0.05))
    (fp_line (start -2.2 -3) (end 3.5 -3) (layer F.SilkS) (width 0.12))
    (fp_line (start -2.2 3) (end -2.2 -3) (layer F.SilkS) (width 0.12))
    (fp_line (start -2.2 3) (end 3.5 3) (layer F.SilkS) (width 0.12))
    (fp_arc (start 15.2 0) (end 9 1.3) (angle -170) (layer F.Fab) (width 0.1))
    (fp_arc (start 15.2 0) (end 13.3 1.3) (angle -150) (layer F.Fab) (width 0.1))
    (fp_line (start 23.5712 7.7216) (end 22.6568 6.8834) (layer F.Fab) (width 0.1))
    (fp_line (start 23.5712 -7.7216) (end 22.6314 -6.858) (layer F.Fab) (width 0.1))
    (fp_arc (start 15.2 0) (end 13.3 -1.3) (angle 150) (layer F.Fab) (width 0.1))
    (fp_arc (start 15.2 0) (end 9 -1.3) (angle 170) (layer F.Fab) (width 0.1))
    (fp_arc (start 15.2 0) (end 5.2 -1.3) (angle 180) (layer F.Fab) (width 0.1))
    (fp_line (start 3.5306 -2.9) (end -1.7 -2.9) (layer F.Fab) (width 0.1))
    (fp_line (start -1.7 2.9) (end 3.5306 2.9) (layer F.Fab) (width 0.1))
    (fp_line (start -2.1 -2.5) (end -2.1 2.5) (layer F.Fab) (width 0.1))
    (fp_line (start 0 1.3) (end 16.2 1.3) (layer F.Fab) (width 0.1))
    (fp_line (start 16.2 -1.3) (end 0 -1.3) (layer F.Fab) (width 0.1))
    (fp_arc (start 3.5 -3.8) (end 3.5 -2.9) (angle -70) (layer F.Fab) (width 0.1))
    (fp_arc (start 16.2 0) (end 16.2 -1.3) (angle 180) (layer F.Fab) (width 0.1))
    (fp_line (start 0 -1.3) (end 0 1.3) (layer F.Fab) (width 0.1))
    (fp_arc (start -1.7 2.5) (end -2.1 2.5) (angle -90) (layer F.Fab) (width 0.1))
    (fp_arc (start -1.7 -2.5) (end -2.1 -2.5) (angle 90) (layer F.Fab) (width 0.1))
    (pad 2 thru_hole circle (at 20.49 0 180) (size 3 3) (drill 1.5) (layers *.Cu *.Mask)
      (net 1 GND))
    (pad 1 thru_hole rect (at 0 0 180) (size 3 3) (drill 1.5) (layers *.Cu *.Mask)
      (net 3 "Net-(BT1-Pad1)"))
    (model ${KISYS3DMOD}/Battery.3dshapes/BatteryHolder_Keystone_103_1x20mm.wrl
      (at (xyz 0 0 0))
      (scale (xyz 1 1 1))
      (rotate (xyz 0 0 0))
    )
  )

  (module Capacitor_SMD:C_0805_2012Metric_Pad1.15x1.40mm_HandSolder (layer B.Cu) (tedit 5D98A61F) (tstamp 5D90CAF4)
    (at 58.42 57.785)
    (descr "Capacitor SMD 0805 (2012 Metric), square (rectangular) end terminal, IPC_7351 nominal with elongated pad for handsoldering. (Body size source: https://docs.google.com/spreadsheets/d/1BsfQQcO9C6DZCsRaXUlFlo91Tg2WpOkGARC1WS5S8t0/edit?usp=sharing), generated with kicad-footprint-generator")
    (tags "capacitor handsolder")
    (path /5DADD43D)
    (attr smd)
    (fp_text reference C13 (at 0 -2.159) (layer B.SilkS)
      (effects (font (size 1.397 1.524) (thickness 0.254)) (justify mirror))
    )
    (fp_text value 0.1uF (at 0 -1.65) (layer B.Fab)
      (effects (font (size 1 1) (thickness 0.15)) (justify mirror))
    )
    (fp_line (start -1 -0.6) (end -1 0.6) (layer B.Fab) (width 0.1))
    (fp_line (start -1 0.6) (end 1 0.6) (layer B.Fab) (width 0.1))
    (fp_line (start 1 0.6) (end 1 -0.6) (layer B.Fab) (width 0.1))
    (fp_line (start 1 -0.6) (end -1 -0.6) (layer B.Fab) (width 0.1))
    (fp_line (start -0.261252 0.71) (end 0.261252 0.71) (layer B.SilkS) (width 0.12))
    (fp_line (start -0.261252 -0.71) (end 0.261252 -0.71) (layer B.SilkS) (width 0.12))
    (fp_line (start -1.85 -0.95) (end -1.85 0.95) (layer B.CrtYd) (width 0.05))
    (fp_line (start -1.85 0.95) (end 1.85 0.95) (layer B.CrtYd) (width 0.05))
    (fp_line (start 1.85 0.95) (end 1.85 -0.95) (layer B.CrtYd) (width 0.05))
    (fp_line (start 1.85 -0.95) (end -1.85 -0.95) (layer B.CrtYd) (width 0.05))
    (fp_text user %R (at 0 0) (layer B.Fab)
      (effects (font (size 0.5 0.5) (thickness 0.08)) (justify mirror))
    )
    (pad 1 smd roundrect (at -1.025 0) (size 1.15 1.4) (layers B.Cu B.Paste B.Mask) (roundrect_rratio 0.217391)
      (net 90 "Net-(C13-Pad1)"))
    (pad 2 smd roundrect (at 1.025 0) (size 1.15 1.4) (layers B.Cu B.Paste B.Mask) (roundrect_rratio 0.217391)
      (net 1 GND))
    (model ${KISYS3DMOD}/Capacitor_SMD.3dshapes/C_0805_2012Metric.wrl
      (at (xyz 0 0 0))
      (scale (xyz 1 1 1))
      (rotate (xyz 0 0 0))
    )
  )

  (module Capacitor_SMD:C_0805_2012Metric_Pad1.15x1.40mm_HandSolder (layer B.Cu) (tedit 5D98A5D5) (tstamp 5D90CB05)
    (at 72.39 58.42)
    (descr "Capacitor SMD 0805 (2012 Metric), square (rectangular) end terminal, IPC_7351 nominal with elongated pad for handsoldering. (Body size source: https://docs.google.com/spreadsheets/d/1BsfQQcO9C6DZCsRaXUlFlo91Tg2WpOkGARC1WS5S8t0/edit?usp=sharing), generated with kicad-footprint-generator")
    (tags "capacitor handsolder")
    (path /5DF17349)
    (attr smd)
    (fp_text reference C10 (at 4.0132 0.0508 180) (layer B.SilkS)
      (effects (font (size 1.397 1.524) (thickness 0.254)) (justify mirror))
    )
    (fp_text value 1uF (at 0 -1.65) (layer B.Fab)
      (effects (font (size 1 1) (thickness 0.15)) (justify mirror))
    )
    (fp_line (start -1 -0.6) (end -1 0.6) (layer B.Fab) (width 0.1))
    (fp_line (start -1 0.6) (end 1 0.6) (layer B.Fab) (width 0.1))
    (fp_line (start 1 0.6) (end 1 -0.6) (layer B.Fab) (width 0.1))
    (fp_line (start 1 -0.6) (end -1 -0.6) (layer B.Fab) (width 0.1))
    (fp_line (start -0.261252 0.71) (end 0.261252 0.71) (layer B.SilkS) (width 0.12))
    (fp_line (start -0.261252 -0.71) (end 0.261252 -0.71) (layer B.SilkS) (width 0.12))
    (fp_line (start -1.85 -0.95) (end -1.85 0.95) (layer B.CrtYd) (width 0.05))
    (fp_line (start -1.85 0.95) (end 1.85 0.95) (layer B.CrtYd) (width 0.05))
    (fp_line (start 1.85 0.95) (end 1.85 -0.95) (layer B.CrtYd) (width 0.05))
    (fp_line (start 1.85 -0.95) (end -1.85 -0.95) (layer B.CrtYd) (width 0.05))
    (fp_text user %R (at 0 0) (layer B.Fab)
      (effects (font (size 0.5 0.5) (thickness 0.08)) (justify mirror))
    )
    (pad 1 smd roundrect (at -1.025 0) (size 1.15 1.4) (layers B.Cu B.Paste B.Mask) (roundrect_rratio 0.217391)
      (net 86 "Net-(C10-Pad1)"))
    (pad 2 smd roundrect (at 1.025 0) (size 1.15 1.4) (layers B.Cu B.Paste B.Mask) (roundrect_rratio 0.217391)
      (net 1 GND))
    (model ${KISYS3DMOD}/Capacitor_SMD.3dshapes/C_0805_2012Metric.wrl
      (at (xyz 0 0 0))
      (scale (xyz 1 1 1))
      (rotate (xyz 0 0 0))
    )
  )

  (module Capacitor_SMD:C_0805_2012Metric_Pad1.15x1.40mm_HandSolder (layer B.Cu) (tedit 5D98A538) (tstamp 5D90CB16)
    (at 73.025 43.18)
    (descr "Capacitor SMD 0805 (2012 Metric), square (rectangular) end terminal, IPC_7351 nominal with elongated pad for handsoldering. (Body size source: https://docs.google.com/spreadsheets/d/1BsfQQcO9C6DZCsRaXUlFlo91Tg2WpOkGARC1WS5S8t0/edit?usp=sharing), generated with kicad-footprint-generator")
    (tags "capacitor handsolder")
    (path /5DEE80C9)
    (attr smd)
    (fp_text reference C4 (at 3.175 0) (layer B.SilkS)
      (effects (font (size 1.397 1.524) (thickness 0.254)) (justify mirror))
    )
    (fp_text value 1uF (at 0 -1.65) (layer B.Fab)
      (effects (font (size 1 1) (thickness 0.15)) (justify mirror))
    )
    (fp_line (start -1 -0.6) (end -1 0.6) (layer B.Fab) (width 0.1))
    (fp_line (start -1 0.6) (end 1 0.6) (layer B.Fab) (width 0.1))
    (fp_line (start 1 0.6) (end 1 -0.6) (layer B.Fab) (width 0.1))
    (fp_line (start 1 -0.6) (end -1 -0.6) (layer B.Fab) (width 0.1))
    (fp_line (start -0.261252 0.71) (end 0.261252 0.71) (layer B.SilkS) (width 0.12))
    (fp_line (start -0.261252 -0.71) (end 0.261252 -0.71) (layer B.SilkS) (width 0.12))
    (fp_line (start -1.85 -0.95) (end -1.85 0.95) (layer B.CrtYd) (width 0.05))
    (fp_line (start -1.85 0.95) (end 1.85 0.95) (layer B.CrtYd) (width 0.05))
    (fp_line (start 1.85 0.95) (end 1.85 -0.95) (layer B.CrtYd) (width 0.05))
    (fp_line (start 1.85 -0.95) (end -1.85 -0.95) (layer B.CrtYd) (width 0.05))
    (fp_text user %R (at 0 0) (layer B.Fab)
      (effects (font (size 0.5 0.5) (thickness 0.08)) (justify mirror))
    )
    (pad 1 smd roundrect (at -1.025 0) (size 1.15 1.4) (layers B.Cu B.Paste B.Mask) (roundrect_rratio 0.217391)
      (net 86 "Net-(C10-Pad1)"))
    (pad 2 smd roundrect (at 1.025 0) (size 1.15 1.4) (layers B.Cu B.Paste B.Mask) (roundrect_rratio 0.217391)
      (net 1 GND))
    (model ${KISYS3DMOD}/Capacitor_SMD.3dshapes/C_0805_2012Metric.wrl
      (at (xyz 0 0 0))
      (scale (xyz 1 1 1))
      (rotate (xyz 0 0 0))
    )
  )

  (module Capacitor_SMD:C_0805_2012Metric_Pad1.15x1.40mm_HandSolder (layer B.Cu) (tedit 5D98A577) (tstamp 5D90CB27)
    (at 82.55 48.26 90)
    (descr "Capacitor SMD 0805 (2012 Metric), square (rectangular) end terminal, IPC_7351 nominal with elongated pad for handsoldering. (Body size source: https://docs.google.com/spreadsheets/d/1BsfQQcO9C6DZCsRaXUlFlo91Tg2WpOkGARC1WS5S8t0/edit?usp=sharing), generated with kicad-footprint-generator")
    (tags "capacitor handsolder")
    (path /5E066A76)
    (attr smd)
    (fp_text reference C7 (at 3.302 0 90) (layer B.SilkS)
      (effects (font (size 1.397 1.524) (thickness 0.254)) (justify mirror))
    )
    (fp_text value 1uF (at 0 -1.65 90) (layer B.Fab)
      (effects (font (size 1 1) (thickness 0.15)) (justify mirror))
    )
    (fp_text user %R (at 0 0 90) (layer B.Fab)
      (effects (font (size 0.5 0.5) (thickness 0.08)) (justify mirror))
    )
    (fp_line (start 1.85 -0.95) (end -1.85 -0.95) (layer B.CrtYd) (width 0.05))
    (fp_line (start 1.85 0.95) (end 1.85 -0.95) (layer B.CrtYd) (width 0.05))
    (fp_line (start -1.85 0.95) (end 1.85 0.95) (layer B.CrtYd) (width 0.05))
    (fp_line (start -1.85 -0.95) (end -1.85 0.95) (layer B.CrtYd) (width 0.05))
    (fp_line (start -0.261252 -0.71) (end 0.261252 -0.71) (layer B.SilkS) (width 0.12))
    (fp_line (start -0.261252 0.71) (end 0.261252 0.71) (layer B.SilkS) (width 0.12))
    (fp_line (start 1 -0.6) (end -1 -0.6) (layer B.Fab) (width 0.1))
    (fp_line (start 1 0.6) (end 1 -0.6) (layer B.Fab) (width 0.1))
    (fp_line (start -1 0.6) (end 1 0.6) (layer B.Fab) (width 0.1))
    (fp_line (start -1 -0.6) (end -1 0.6) (layer B.Fab) (width 0.1))
    (pad 2 smd roundrect (at 1.025 0 90) (size 1.15 1.4) (layers B.Cu B.Paste B.Mask) (roundrect_rratio 0.217391)
      (net 1 GND))
    (pad 1 smd roundrect (at -1.025 0 90) (size 1.15 1.4) (layers B.Cu B.Paste B.Mask) (roundrect_rratio 0.217391)
      (net 87 "Net-(C7-Pad1)"))
    (model ${KISYS3DMOD}/Capacitor_SMD.3dshapes/C_0805_2012Metric.wrl
      (at (xyz 0 0 0))
      (scale (xyz 1 1 1))
      (rotate (xyz 0 0 0))
    )
  )

  (module Capacitor_SMD:C_0805_2012Metric_Pad1.15x1.40mm_HandSolder (layer B.Cu) (tedit 5D98A59B) (tstamp 5D90CB38)
    (at 78.74 51.435 270)
    (descr "Capacitor SMD 0805 (2012 Metric), square (rectangular) end terminal, IPC_7351 nominal with elongated pad for handsoldering. (Body size source: https://docs.google.com/spreadsheets/d/1BsfQQcO9C6DZCsRaXUlFlo91Tg2WpOkGARC1WS5S8t0/edit?usp=sharing), generated with kicad-footprint-generator")
    (tags "capacitor handsolder")
    (path /5DEFFABC)
    (attr smd)
    (fp_text reference C8 (at 0.8128 2.4384 180) (layer B.SilkS)
      (effects (font (size 1.397 1.524) (thickness 0.254)) (justify mirror))
    )
    (fp_text value 1uF (at 0 -1.65 270) (layer B.Fab)
      (effects (font (size 1 1) (thickness 0.15)) (justify mirror))
    )
    (fp_text user %R (at 0 0 270) (layer B.Fab)
      (effects (font (size 0.5 0.5) (thickness 0.08)) (justify mirror))
    )
    (fp_line (start 1.85 -0.95) (end -1.85 -0.95) (layer B.CrtYd) (width 0.05))
    (fp_line (start 1.85 0.95) (end 1.85 -0.95) (layer B.CrtYd) (width 0.05))
    (fp_line (start -1.85 0.95) (end 1.85 0.95) (layer B.CrtYd) (width 0.05))
    (fp_line (start -1.85 -0.95) (end -1.85 0.95) (layer B.CrtYd) (width 0.05))
    (fp_line (start -0.261252 -0.71) (end 0.261252 -0.71) (layer B.SilkS) (width 0.12))
    (fp_line (start -0.261252 0.71) (end 0.261252 0.71) (layer B.SilkS) (width 0.12))
    (fp_line (start 1 -0.6) (end -1 -0.6) (layer B.Fab) (width 0.1))
    (fp_line (start 1 0.6) (end 1 -0.6) (layer B.Fab) (width 0.1))
    (fp_line (start -1 0.6) (end 1 0.6) (layer B.Fab) (width 0.1))
    (fp_line (start -1 -0.6) (end -1 0.6) (layer B.Fab) (width 0.1))
    (pad 2 smd roundrect (at 1.025 0 270) (size 1.15 1.4) (layers B.Cu B.Paste B.Mask) (roundrect_rratio 0.217391)
      (net 1 GND))
    (pad 1 smd roundrect (at -1.025 0 270) (size 1.15 1.4) (layers B.Cu B.Paste B.Mask) (roundrect_rratio 0.217391)
      (net 88 "Net-(C8-Pad1)"))
    (model ${KISYS3DMOD}/Capacitor_SMD.3dshapes/C_0805_2012Metric.wrl
      (at (xyz 0 0 0))
      (scale (xyz 1 1 1))
      (rotate (xyz 0 0 0))
    )
  )

  (module Capacitor_SMD:C_0805_2012Metric_Pad1.15x1.40mm_HandSolder (layer B.Cu) (tedit 5D98A660) (tstamp 5D90CB49)
    (at 16.5825 69.6595 180)
    (descr "Capacitor SMD 0805 (2012 Metric), square (rectangular) end terminal, IPC_7351 nominal with elongated pad for handsoldering. (Body size source: https://docs.google.com/spreadsheets/d/1BsfQQcO9C6DZCsRaXUlFlo91Tg2WpOkGARC1WS5S8t0/edit?usp=sharing), generated with kicad-footprint-generator")
    (tags "capacitor handsolder")
    (path /5F05EA7C)
    (attr smd)
    (fp_text reference C16 (at 0 2.0955 180) (layer B.SilkS)
      (effects (font (size 1.397 1.524) (thickness 0.254)) (justify mirror))
    )
    (fp_text value 0.1uF (at 0 -1.65 180) (layer B.Fab)
      (effects (font (size 1 1) (thickness 0.15)) (justify mirror))
    )
    (fp_line (start -1 -0.6) (end -1 0.6) (layer B.Fab) (width 0.1))
    (fp_line (start -1 0.6) (end 1 0.6) (layer B.Fab) (width 0.1))
    (fp_line (start 1 0.6) (end 1 -0.6) (layer B.Fab) (width 0.1))
    (fp_line (start 1 -0.6) (end -1 -0.6) (layer B.Fab) (width 0.1))
    (fp_line (start -0.261252 0.71) (end 0.261252 0.71) (layer B.SilkS) (width 0.12))
    (fp_line (start -0.261252 -0.71) (end 0.261252 -0.71) (layer B.SilkS) (width 0.12))
    (fp_line (start -1.85 -0.95) (end -1.85 0.95) (layer B.CrtYd) (width 0.05))
    (fp_line (start -1.85 0.95) (end 1.85 0.95) (layer B.CrtYd) (width 0.05))
    (fp_line (start 1.85 0.95) (end 1.85 -0.95) (layer B.CrtYd) (width 0.05))
    (fp_line (start 1.85 -0.95) (end -1.85 -0.95) (layer B.CrtYd) (width 0.05))
    (fp_text user %R (at 0 0 180) (layer B.Fab)
      (effects (font (size 0.5 0.5) (thickness 0.08)) (justify mirror))
    )
    (pad 1 smd roundrect (at -1.025 0 180) (size 1.15 1.4) (layers B.Cu B.Paste B.Mask) (roundrect_rratio 0.217391)
      (net 1 GND))
    (pad 2 smd roundrect (at 1.025 0 180) (size 1.15 1.4) (layers B.Cu B.Paste B.Mask) (roundrect_rratio 0.217391)
      (net 2 +5V))
    (model ${KISYS3DMOD}/Capacitor_SMD.3dshapes/C_0805_2012Metric.wrl
      (at (xyz 0 0 0))
      (scale (xyz 1 1 1))
      (rotate (xyz 0 0 0))
    )
  )

  (module Capacitor_SMD:C_0805_2012Metric_Pad1.15x1.40mm_HandSolder (layer F.Cu) (tedit 5D98A6EA) (tstamp 5D90CB5A)
    (at 82.55 51.435 180)
    (descr "Capacitor SMD 0805 (2012 Metric), square (rectangular) end terminal, IPC_7351 nominal with elongated pad for handsoldering. (Body size source: https://docs.google.com/spreadsheets/d/1BsfQQcO9C6DZCsRaXUlFlo91Tg2WpOkGARC1WS5S8t0/edit?usp=sharing), generated with kicad-footprint-generator")
    (tags "capacitor handsolder")
    (path /5D87A0E7)
    (attr smd)
    (fp_text reference C18 (at -2.9464 -0.762 270) (layer F.SilkS)
      (effects (font (size 1.397 1.524) (thickness 0.254)))
    )
    (fp_text value 18pF (at 0 1.65 180) (layer F.Fab)
      (effects (font (size 1 1) (thickness 0.15)))
    )
    (fp_text user %R (at 0 0 180) (layer F.Fab)
      (effects (font (size 0.5 0.5) (thickness 0.08)))
    )
    (fp_line (start 1.85 0.95) (end -1.85 0.95) (layer F.CrtYd) (width 0.05))
    (fp_line (start 1.85 -0.95) (end 1.85 0.95) (layer F.CrtYd) (width 0.05))
    (fp_line (start -1.85 -0.95) (end 1.85 -0.95) (layer F.CrtYd) (width 0.05))
    (fp_line (start -1.85 0.95) (end -1.85 -0.95) (layer F.CrtYd) (width 0.05))
    (fp_line (start -0.261252 0.71) (end 0.261252 0.71) (layer F.SilkS) (width 0.12))
    (fp_line (start -0.261252 -0.71) (end 0.261252 -0.71) (layer F.SilkS) (width 0.12))
    (fp_line (start 1 0.6) (end -1 0.6) (layer F.Fab) (width 0.1))
    (fp_line (start 1 -0.6) (end 1 0.6) (layer F.Fab) (width 0.1))
    (fp_line (start -1 -0.6) (end 1 -0.6) (layer F.Fab) (width 0.1))
    (fp_line (start -1 0.6) (end -1 -0.6) (layer F.Fab) (width 0.1))
    (pad 2 smd roundrect (at 1.025 0 180) (size 1.15 1.4) (layers F.Cu F.Paste F.Mask) (roundrect_rratio 0.217391)
      (net 91 "Net-(C18-Pad2)"))
    (pad 1 smd roundrect (at -1.025 0 180) (size 1.15 1.4) (layers F.Cu F.Paste F.Mask) (roundrect_rratio 0.217391)
      (net 1 GND))
    (model ${KISYS3DMOD}/Capacitor_SMD.3dshapes/C_0805_2012Metric.wrl
      (at (xyz 0 0 0))
      (scale (xyz 1 1 1))
      (rotate (xyz 0 0 0))
    )
  )

  (module Capacitor_SMD:C_0805_2012Metric_Pad1.15x1.40mm_HandSolder (layer F.Cu) (tedit 5D98A70E) (tstamp 5D90CB6B)
    (at 82.55 57.15 180)
    (descr "Capacitor SMD 0805 (2012 Metric), square (rectangular) end terminal, IPC_7351 nominal with elongated pad for handsoldering. (Body size source: https://docs.google.com/spreadsheets/d/1BsfQQcO9C6DZCsRaXUlFlo91Tg2WpOkGARC1WS5S8t0/edit?usp=sharing), generated with kicad-footprint-generator")
    (tags "capacitor handsolder")
    (path /5D87A16D)
    (attr smd)
    (fp_text reference C19 (at 0.762 -2.1844 180) (layer F.SilkS)
      (effects (font (size 1.397 1.524) (thickness 0.254)))
    )
    (fp_text value 18pF (at 0 1.65 180) (layer F.Fab)
      (effects (font (size 1 1) (thickness 0.15)))
    )
    (fp_line (start -1 0.6) (end -1 -0.6) (layer F.Fab) (width 0.1))
    (fp_line (start -1 -0.6) (end 1 -0.6) (layer F.Fab) (width 0.1))
    (fp_line (start 1 -0.6) (end 1 0.6) (layer F.Fab) (width 0.1))
    (fp_line (start 1 0.6) (end -1 0.6) (layer F.Fab) (width 0.1))
    (fp_line (start -0.261252 -0.71) (end 0.261252 -0.71) (layer F.SilkS) (width 0.12))
    (fp_line (start -0.261252 0.71) (end 0.261252 0.71) (layer F.SilkS) (width 0.12))
    (fp_line (start -1.85 0.95) (end -1.85 -0.95) (layer F.CrtYd) (width 0.05))
    (fp_line (start -1.85 -0.95) (end 1.85 -0.95) (layer F.CrtYd) (width 0.05))
    (fp_line (start 1.85 -0.95) (end 1.85 0.95) (layer F.CrtYd) (width 0.05))
    (fp_line (start 1.85 0.95) (end -1.85 0.95) (layer F.CrtYd) (width 0.05))
    (fp_text user %R (at 0 0 180) (layer F.Fab)
      (effects (font (size 0.5 0.5) (thickness 0.08)))
    )
    (pad 1 smd roundrect (at -1.025 0 180) (size 1.15 1.4) (layers F.Cu F.Paste F.Mask) (roundrect_rratio 0.217391)
      (net 1 GND))
    (pad 2 smd roundrect (at 1.025 0 180) (size 1.15 1.4) (layers F.Cu F.Paste F.Mask) (roundrect_rratio 0.217391)
      (net 92 "Net-(C19-Pad2)"))
    (model ${KISYS3DMOD}/Capacitor_SMD.3dshapes/C_0805_2012Metric.wrl
      (at (xyz 0 0 0))
      (scale (xyz 1 1 1))
      (rotate (xyz 0 0 0))
    )
  )

  (module Capacitor_SMD:C_0805_2012Metric_Pad1.15x1.40mm_HandSolder (layer B.Cu) (tedit 5D98A60D) (tstamp 5D90CB7C)
    (at 64.77 58.42 180)
    (descr "Capacitor SMD 0805 (2012 Metric), square (rectangular) end terminal, IPC_7351 nominal with elongated pad for handsoldering. (Body size source: https://docs.google.com/spreadsheets/d/1BsfQQcO9C6DZCsRaXUlFlo91Tg2WpOkGARC1WS5S8t0/edit?usp=sharing), generated with kicad-footprint-generator")
    (tags "capacitor handsolder")
    (path /5F78DB37)
    (attr smd)
    (fp_text reference C12 (at 1.1684 1.6002 180) (layer B.SilkS)
      (effects (font (size 1.397 1.524) (thickness 0.254)) (justify mirror))
    )
    (fp_text value 0.1uF (at 0 -1.65 180) (layer B.Fab)
      (effects (font (size 1 1) (thickness 0.15)) (justify mirror))
    )
    (fp_text user %R (at 0 0 180) (layer B.Fab)
      (effects (font (size 0.5 0.5) (thickness 0.08)) (justify mirror))
    )
    (fp_line (start 1.85 -0.95) (end -1.85 -0.95) (layer B.CrtYd) (width 0.05))
    (fp_line (start 1.85 0.95) (end 1.85 -0.95) (layer B.CrtYd) (width 0.05))
    (fp_line (start -1.85 0.95) (end 1.85 0.95) (layer B.CrtYd) (width 0.05))
    (fp_line (start -1.85 -0.95) (end -1.85 0.95) (layer B.CrtYd) (width 0.05))
    (fp_line (start -0.261252 -0.71) (end 0.261252 -0.71) (layer B.SilkS) (width 0.12))
    (fp_line (start -0.261252 0.71) (end 0.261252 0.71) (layer B.SilkS) (width 0.12))
    (fp_line (start 1 -0.6) (end -1 -0.6) (layer B.Fab) (width 0.1))
    (fp_line (start 1 0.6) (end 1 -0.6) (layer B.Fab) (width 0.1))
    (fp_line (start -1 0.6) (end 1 0.6) (layer B.Fab) (width 0.1))
    (fp_line (start -1 -0.6) (end -1 0.6) (layer B.Fab) (width 0.1))
    (pad 2 smd roundrect (at 1.025 0 180) (size 1.15 1.4) (layers B.Cu B.Paste B.Mask) (roundrect_rratio 0.217391)
      (net 2 +5V))
    (pad 1 smd roundrect (at -1.025 0 180) (size 1.15 1.4) (layers B.Cu B.Paste B.Mask) (roundrect_rratio 0.217391)
      (net 1 GND))
    (model ${KISYS3DMOD}/Capacitor_SMD.3dshapes/C_0805_2012Metric.wrl
      (at (xyz 0 0 0))
      (scale (xyz 1 1 1))
      (rotate (xyz 0 0 0))
    )
  )

  (module Capacitor_SMD:C_0805_2012Metric_Pad1.15x1.40mm_HandSolder (layer B.Cu) (tedit 5D98A64A) (tstamp 5D90CB8D)
    (at 13.335 47.625 180)
    (descr "Capacitor SMD 0805 (2012 Metric), square (rectangular) end terminal, IPC_7351 nominal with elongated pad for handsoldering. (Body size source: https://docs.google.com/spreadsheets/d/1BsfQQcO9C6DZCsRaXUlFlo91Tg2WpOkGARC1WS5S8t0/edit?usp=sharing), generated with kicad-footprint-generator")
    (tags "capacitor handsolder")
    (path /5F78DB93)
    (attr smd)
    (fp_text reference C15 (at 0.127 2.159 180) (layer B.SilkS)
      (effects (font (size 1.397 1.524) (thickness 0.254)) (justify mirror))
    )
    (fp_text value 0.1uF (at 0 -1.65 180) (layer B.Fab)
      (effects (font (size 1 1) (thickness 0.15)) (justify mirror))
    )
    (fp_line (start -1 -0.6) (end -1 0.6) (layer B.Fab) (width 0.1))
    (fp_line (start -1 0.6) (end 1 0.6) (layer B.Fab) (width 0.1))
    (fp_line (start 1 0.6) (end 1 -0.6) (layer B.Fab) (width 0.1))
    (fp_line (start 1 -0.6) (end -1 -0.6) (layer B.Fab) (width 0.1))
    (fp_line (start -0.261252 0.71) (end 0.261252 0.71) (layer B.SilkS) (width 0.12))
    (fp_line (start -0.261252 -0.71) (end 0.261252 -0.71) (layer B.SilkS) (width 0.12))
    (fp_line (start -1.85 -0.95) (end -1.85 0.95) (layer B.CrtYd) (width 0.05))
    (fp_line (start -1.85 0.95) (end 1.85 0.95) (layer B.CrtYd) (width 0.05))
    (fp_line (start 1.85 0.95) (end 1.85 -0.95) (layer B.CrtYd) (width 0.05))
    (fp_line (start 1.85 -0.95) (end -1.85 -0.95) (layer B.CrtYd) (width 0.05))
    (fp_text user %R (at 0 0 180) (layer B.Fab)
      (effects (font (size 0.5 0.5) (thickness 0.08)) (justify mirror))
    )
    (pad 1 smd roundrect (at -1.025 0 180) (size 1.15 1.4) (layers B.Cu B.Paste B.Mask) (roundrect_rratio 0.217391)
      (net 1 GND))
    (pad 2 smd roundrect (at 1.025 0 180) (size 1.15 1.4) (layers B.Cu B.Paste B.Mask) (roundrect_rratio 0.217391)
      (net 2 +5V))
    (model ${KISYS3DMOD}/Capacitor_SMD.3dshapes/C_0805_2012Metric.wrl
      (at (xyz 0 0 0))
      (scale (xyz 1 1 1))
      (rotate (xyz 0 0 0))
    )
  )

  (module Capacitor_SMD:C_0805_2012Metric_Pad1.15x1.40mm_HandSolder (layer B.Cu) (tedit 5D98A637) (tstamp 5D90CB9E)
    (at 79.375 66.675 180)
    (descr "Capacitor SMD 0805 (2012 Metric), square (rectangular) end terminal, IPC_7351 nominal with elongated pad for handsoldering. (Body size source: https://docs.google.com/spreadsheets/d/1BsfQQcO9C6DZCsRaXUlFlo91Tg2WpOkGARC1WS5S8t0/edit?usp=sharing), generated with kicad-footprint-generator")
    (tags "capacitor handsolder")
    (path /5F78DBF1)
    (attr smd)
    (fp_text reference C14 (at 0 1.905 180) (layer B.SilkS)
      (effects (font (size 1.397 1.524) (thickness 0.254)) (justify mirror))
    )
    (fp_text value 0.1uF (at 0 -1.65 180) (layer B.Fab)
      (effects (font (size 1 1) (thickness 0.15)) (justify mirror))
    )
    (fp_text user %R (at 0 0 180) (layer B.Fab)
      (effects (font (size 0.5 0.5) (thickness 0.08)) (justify mirror))
    )
    (fp_line (start 1.85 -0.95) (end -1.85 -0.95) (layer B.CrtYd) (width 0.05))
    (fp_line (start 1.85 0.95) (end 1.85 -0.95) (layer B.CrtYd) (width 0.05))
